5 6
3.2000000000000002e+00 -1.1988133570173851e-02 2.2407417445259503e-01 -4.4776225705319153e-02 -1.6482675901556346e-02
-1.1988133570173851e-02 4.0999999999999996e+00 1.6010089943004910e-01 5.1236971381313827e-02 2.0221244054904416e-01
2.2407417445259503e-01 1.6010089943004910e-01 4.7999999999999998e+00 1.2064596287258580e-01 1.2172590533340079e-01
-4.4776225705319153e-02 5.1236971381313827e-02 1.2064596287258580e-01 5.9000000000000004e+00 -7.1616566336235060e-02
-1.6482675901556346e-02 2.0221244054904416e-01 1.2172590533340079e-01 -7.1616566336235060e-02 6.5999999999999996e+00
4.4500000000000002e+00 5.3499999999999996e+00 6.2000000000000002e+00 7.0999999999999996e+00 8.0000000000000000e+00 9.3000000000000007e+00
2.1539256779871238e-01 2.3125861978103771e-01 9.9968828219756126e-02 2.9657959167063230e-01 1.7923170049792816e-01 3.9299516949407159e-01
9.3156032122631835e-02 2.1833524792257802e-01 2.7920260861130702e-01 1.8453937270332688e-01 3.3418467586322081e-01 1.6716974865731435e-01
1.0132689458623234e-01 3.4398213377727416e-01 1.8064711237396971e-01 3.0967975875799908e-01 3.4996511045256827e-02 2.4106286406921040e-01
-2.1706727513693368e-02 2.5774404361931019e-01 1.8551715944928729e-01 1.4374019054476977e-01 1.3297772645680056e-01 1.1078976442627993e-01
2.8882051334688129e-03 1.6216127167126201e-01 3.0564788303534984e-01 1.7796753843801949e-01 1.5725041794136418e-02 2.7436141281060777e-01
3.0613117483211938e+00 3.9822994183347831e+00 4.4239886172379919e+00 4.6321763377383709e+00 5.3922382657795840e+00 5.8563142379257647e+00 6.2132815593848880e+00 6.7241443867444701e+00 7.2814100520269953e+00 8.0487947054198958e+00 9.3840406710860691e+00
3.0613117483212191e+00 3.9822994183347964e+00 4.4239886172379874e+00 4.6321763377383478e+00 5.3922382657795911e+00 5.8563142379257371e+00 6.2132815593849111e+00 6.7241443867444994e+00 7.2814100520270060e+00 8.0487947054198905e+00 9.3840406710860726e+00
